clear
[H[2Jexport "LD_LIBRARY_PATH=$LD_LIBRARY_PATH:/usr/local/Aria/lib"; \
./bin/mecharia2
Connecting to simulator through tcp.

Syncing 0
Syncing 1
Syncing 2
Connected to robot.
Name: MobileSim
Type: Pioneer
Subtype: p3dx-sh
ArConfig: Config version: 2.0
Loaded robot parameters from /usr/local/Aria/params/p3dx-sh.p
ArRobotConnector: Connected to simulator, not connecting to additional hardware components.
49.347401 -40.652599
49.347401 -40.652599
50.449024 -39.550976
52.741630 -37.258370
56.177227 -33.822773
56.316405 -33.683595
60.051445 -29.948555
61.544436 -28.455564
57.212980 -32.787020
61.433549 -28.566451
60.920792 -29.079208
89.426872 -0.573128
90.704979 0.704979
89.896597 -0.103403
92.484850 2.484850
88.098118 -1.901882
88.019623 -1.980377
90.754812 0.754812
88.011798 -1.988202
88.067029 -1.932971
87.960648 -2.039352
54.678562 -35.321438
87.894559 -2.105441
88.826396 -1.173604
87.866269 -2.133731
87.852245 -2.147755
87.817823 -2.182177
87.693659 -2.306341
88.675106 -1.324894
87.752385 -2.247615
87.589298 -2.410702
87.618782 -2.381218
90.998152 0.998152
87.479021 -2.520979
87.480245 -2.519755
91.056292 1.056292
88.397135 -1.602865
86.188460 -3.811540
91.098670 1.098670
87.256682 -2.743318
87.074035 -2.925965
91.165004 1.165004
87.892838 -2.107162
85.985437 -4.014563
87.862325 -2.137675
86.809390 -3.190610
86.760288 -3.239712
86.637637 -3.362363
87.553680 -2.446320
86.547650 -3.452350
86.377220 -3.622780
86.442599 -3.557401
87.340273 -2.659727
86.196679 -3.803321
86.116605 -3.883395
86.958435 -3.041565
86.218925 -3.781075
85.900170 -4.099830
86.741041 -3.258959
85.888830 -4.111170
85.705617 -4.294383
86.790264 -3.209736
85.640014 -4.359986
85.753377 -4.246623
86.546543 -3.453457
85.594355 -4.405645
85.822713 -4.177287
86.743280 -3.256720
85.889510 -4.110490
85.821072 -4.178928
86.785824 -3.214176
85.909012 -4.090988
86.037021 -3.962979
118.521109 28.521109
86.086632 -3.913368
115.528561 25.528561
117.327911 27.327911
114.428571 24.428571
114.088715 24.088715
111.998629 21.998629
84.538576 -5.461424
111.667772 21.667772
114.500960 24.500960
113.227082 23.227082
111.410048 21.410048
113.451876 23.451876
110.451933 20.451933
112.528705 22.528705
109.858013 19.858013
111.823415 21.823415
108.925796 18.925796
108.749614 18.749614
108.383591 18.383591
108.769002 18.769002
108.142716 18.142716
107.743251 17.743251
108.310946 18.310946
107.169458 17.169458
106.713979 16.713979
107.576563 17.576563
106.273172 16.273172
107.034239 17.034239
105.990619 15.990619
106.666494 16.666494
105.766852 15.766852
106.530564 16.530564
105.383504 15.383504
106.350426 16.350426
105.340922 15.340922
107.660340 17.660340
105.667553 15.667553
104.759719 14.759719
105.565775 15.565775
106.863804 16.863804
105.198903 15.198903
106.302516 16.302516
104.941379 14.941379
105.950143 15.950143
104.616384 14.616384
106.601097 16.601097
103.338449 13.338449
105.262064 15.262064
104.153009 14.153009
85.797926 -4.202074
86.942756 -3.057244
105.588129 15.588129
104.685821 14.685821
103.501223 13.501223
105.327962 15.327962
102.138170 12.138170
86.947695 -3.052305
103.049813 13.049813
104.070629 14.070629
103.901179 13.901179
101.688418 11.688418
103.458992 13.458992
102.729115 12.729115
104.383764 14.383764
87.067814 -2.932186
86.062812 -3.937188
104.398979 14.398979
107.009654 17.009654
102.234881 12.234881
102.125350 12.125350
102.081365 12.081365
102.167355 12.167355
87.099999 -2.900001
87.094512 -2.905488
88.136760 -1.863240
88.085658 -1.914342
88.187550 -1.812450
103.748699 13.748699
102.846924 12.846924
87.154608 -2.845392
87.161837 -2.838163
102.546807 12.546807
88.183190 -1.816810
88.181189 -1.818811
105.036179 15.036179
102.492225 12.492225
87.147181 -2.852819
87.243052 -2.756948
89.194897 -0.805103
88.212893 -1.787107
88.214836 -1.785164
88.237834 -1.762166
88.230234 -1.769766
89.282185 -0.717815
88.178667 -1.821333
88.243443 -1.756557
88.245234 -1.754766
88.243443 -1.756557
102.008671 12.008671
103.088159 13.088159
87.254957 -2.745043
87.215469 -2.784531
88.290961 -1.709039
88.274875 -1.725125
88.233337 -1.766663
89.363205 -0.636795
88.267537 -1.732463
88.250578 -1.749422
88.327832 -1.672168
88.241442 -1.758558
88.326086 -1.673914
89.244392 -0.755608
88.236031 -1.763969
88.277310 -1.722690
88.279113 -1.720887
88.253523 -1.746477
88.244198 -1.755802
89.349150 -0.650850
10.243536 -79.756464
10.290374 -79.709626
11.287811 -78.712189
12.345842 -77.654158
13.326598 -76.673402
14.300674 -75.699326
37.170208 -52.829792
37.113247 -52.886753
36.210961 -53.789039
36.388259 -53.611741
56.883422 -33.116578
57.121876 -32.878124
55.138751 -34.861249
55.286890 -34.713110
56.463639 -33.536361
55.500011 -34.499989
55.723049 -34.276951
55.851417 -34.148583
55.893149 -34.106851
56.114301 -33.885699
56.242107 -33.757893
56.195353 -33.804647
88.406858 -1.593142
87.739243 -2.260757
86.519823 -3.480177
86.753808 -3.246192
84.522646 -5.477354
84.028507 -5.971493
84.965582 -5.034418
83.983057 -6.016943
84.989795 -5.010205
83.297154 -6.702846
84.375015 -5.624985
83.283572 -6.716428
84.066421 -5.933579
83.084337 -6.915663
84.136288 -5.863712
83.870521 -6.129479
73.702512 -16.297488
74.661109 -15.338891
76.998717 -13.001283
76.574915 -13.425085
77.617164 -12.382836
78.043312 -11.956688
79.817928 -10.182072
79.700615 -10.299385
79.251285 -10.748715
80.948822 -9.051178
81.586154 -8.413846
82.315064 -7.684936
83.243982 -6.756018
82.922805 -7.077195
84.171664 -5.828336
84.279711 -5.720289
83.331272 -6.668728
85.026704 -4.973296
83.618215 -6.381785
84.828997 -5.171003
84.075774 -5.924226
85.229054 -4.770946
84.424480 -5.575520
85.547845 -4.452155
84.803283 -5.196717
86.022919 -3.977081
124.549057 34.549057
124.549057 34.549057
124.138957 34.138957
83.523342 -6.476658
83.456039 -6.543961
85.671264 -4.328736
86.789920 -3.210080
120.103458 30.103458
120.370879 30.370879
117.972993 27.972993
115.968144 25.968144
115.142849 25.142849
113.293818 23.293818
84.273289 -5.726711
84.389199 -5.610801
116.261115 26.261115
92.331925 2.331925
91.454828 1.454828
113.049007 23.049007
90.432711 0.432711
112.406566 22.406566
90.295783 0.295783
111.421125 21.421125
112.042320 22.042320
110.693164 20.693164
108.845891 18.845891
111.724881 21.724881
108.777905 18.777905
108.774459 18.774459
110.617817 20.617817
107.940439 17.940439
110.769109 20.769109
107.473797 17.473797
87.062333 -2.937667
107.097937 17.097937
110.072951 20.072951
112.643945 22.643945
107.601542 17.601542
109.132201 19.132201
107.686369 17.686369
108.990390 18.990390
106.698447 16.698447
105.310764 15.310764
105.080061 15.080061
105.826225 15.826225
105.486297 15.486297
104.387408 14.387408
105.122793 15.122793
104.937094 14.937094
106.000341 16.000341
108.030194 18.030194
108.922676 18.922676
133.528492 43.528492
132.853129 42.853129
131.239846 41.239846
128.493225 38.493225
127.308026 37.308026
124.094600 34.094600
121.631371 31.631371
178.983839 88.983839
179.879829 89.879829
179.011942 89.011942
97.935160 7.935160
94.524471 4.524471
92.126909 2.126909
94.654635 4.654635
102.642445 12.642445
105.120918 15.120918
106.491517 16.491517
106.948048 16.948048
108.219329 18.219329
108.490176 18.490176
Aria: Received signal 'SIGINT'. Exiting.
Disconnecting from robot.
ArTcpConnection::read: Attempt to read port that already closed. (32)
