clear
[H[2Jexport "LD_LIBRARY_PATH=$LD_LIBRARY_PATH:/usr/local/Aria/lib"; \
./bin/mecharia2
Connecting to simulator through tcp.

Syncing 0
Syncing 1
Syncing 2
Connected to robot.
Name: MobileSim
Type: Pioneer
Subtype: p3dx-sh
ArConfig: Config version: 2.0
Loaded robot parameters from /usr/local/Aria/params/p3dx-sh.p
ArRobotConnector: Connected to simulator, not connecting to additional hardware components.
49.218446 -40.781554
49.218446 -40.781554
50.346955 -39.653045
52.694073 -37.305927
56.223846 -33.776154
59.932174 -30.067826
63.874940 -26.125060
68.107987 -21.892013
71.613823 -18.386177
75.253452 -14.746548
88.758572 -1.241428
88.058792 -1.941208
88.210792 -1.789208
91.041852 1.041852
87.716951 -2.283049
87.754008 -2.245992
87.780783 -2.219217
87.771763 -2.228237
87.768740 -2.231260
88.814620 -1.185380
87.754277 -2.245723
87.751207 -2.248793
87.748128 -2.251872
87.776628 -2.223372
87.738840 -2.261160
88.664115 -1.335885
87.768659 -2.231341
90.949770 0.949770
94.088579 4.088579
87.804581 -2.195419
90.941720 0.941720
90.875159 0.875159
94.003931 4.003931
87.777834 -2.222166
90.013482 0.013482
94.071788 4.071788
87.780876 -2.219124
90.012142 0.012142
93.101934 3.101934
87.782709 -2.217291
90.974107 0.974107
87.751207 -2.248793
90.870121 0.870121
87.751207 -2.248793
90.942213 0.942213
87.712401 -2.287599
90.871312 0.871312
87.782709 -2.217291
90.974107 0.974107
87.677754 -2.322246
90.871312 0.871312
87.748128 -2.251872
90.871312 0.871312
91.865047 1.865047
86.786954 -3.213046
89.906084 -0.093916
88.746997 -1.253003
91.907791 1.907791
87.783909 -2.216091
89.939178 -0.060822
88.712416 -1.287584
91.835600 1.835600
95.019154 5.019154
87.783909 -2.216091
89.939178 -0.060822
93.124192 3.124192
87.754277 -2.245723
90.868934 0.868934
94.017284 4.017284
97.167219 7.167219
100.269791 10.269791
102.242391 12.242391
101.071350 11.071350
103.714412 13.714412
103.721814 13.721814
105.536246 15.536246
106.359255 16.359255
108.078697 18.078697
109.698388 19.698388
110.272362 20.272362
110.855287 20.855287
111.339180 21.339180
107.631548 17.631548
108.062698 18.062698
109.487761 19.487761
109.882660 19.882660
108.771580 18.771580
107.031461 17.031461
108.206568 18.206568
106.728184 16.728184
106.970960 16.970960
107.101044 17.101044
106.481667 16.481667
106.036206 16.036206
104.889798 14.889798
105.342694 15.342694
104.428107 14.428107
104.013722 14.013722
104.658986 14.658986
105.491367 15.491367
104.513202 14.513202
105.281791 15.281791
104.553264 14.553264
104.308410 14.308410
104.936467 14.936467
105.621603 15.621603
103.950931 13.950931
104.604684 14.604684
105.263228 15.263228
104.924992 14.924992
105.499822 15.499822
106.078044 16.078044
103.744521 13.744521
104.289082 14.289082
104.930224 14.930224
104.504696 14.504696
105.107213 15.107213
105.609529 15.609529
103.933939 13.933939
104.408599 14.408599
103.275903 13.275903
99.010183 9.010183
99.573200 9.573200
100.047170 10.047170
101.540012 11.540012
102.069882 12.069882
102.495918 12.495918
102.993280 12.993280
103.507217 13.507217
102.937208 12.937208
100.726529 10.726529
101.111232 11.111232
101.603344 11.603344
101.946566 11.946566
102.396200 12.396200
102.854437 12.854437
103.208326 13.208326
103.466027 13.466027
103.895063 13.895063
103.249618 13.249618
103.551830 13.551830
103.916326 13.916326
104.299304 14.299304
104.575392 14.575392
103.990743 13.990743
104.232022 14.232022
104.578804 14.578804
103.890749 13.890749
104.207972 14.207972
104.422857 14.422857
104.745391 14.745391
102.919103 12.919103
102.364543 12.364543
99.312347 9.312347
94.232147 4.232147
94.318960 4.318960
95.393657 5.393657
95.386818 5.386818
96.429844 6.429844
96.502491 6.502491
97.562829 7.562829
97.631175 7.631175
98.659056 8.659056
98.655099 8.655099
98.711831 8.711831
99.727137 9.727137
99.351063 9.351063
97.437407 7.437407
97.255099 7.255099
96.903643 6.903643
96.737544 6.737544
95.572945 5.572945
96.352139 6.352139
95.279167 5.279167
96.145731 6.145731
95.125497 5.125497
95.992264 5.992264
95.891917 5.891917
96.901261 6.901261
96.767538 6.767538
96.716128 6.716128
96.586616 6.586616
97.476426 7.476426
97.308549 7.308549
96.106555 6.106555
97.094876 7.094876
96.002482 6.002482
96.916470 6.916470
95.734139 5.734139
94.808648 4.808648
95.604122 5.604122
95.710351 5.710351
95.531502 5.531502
95.575196 5.575196
95.288690 5.288690
96.223728 6.223728
96.192080 6.192080
96.109609 6.109609
95.320016 5.320016
96.072107 6.072107
96.036756 6.036756
96.888251 6.888251
11.071126 78.928874
10.116905 79.883095
12.303999 77.696001
15.483122 74.516878
18.700974 71.299026
24.011758 65.988242
30.381420 59.618580
36.927395 53.072605
42.502524 47.497476
48.116748 41.883252
52.905009 37.094991
57.662971 32.337029
61.615090 28.384910
65.527991 24.472009
74.752514 15.247486
78.831245 11.168755
80.811723 9.188277
82.798404 7.201596
84.901788 5.098212
85.954351 4.045649
87.947773 2.052227
89.000585 0.999415
90.053420 -0.053420
91.105567 -1.105567
92.161571 -2.161571
64.569768 -25.430232
65.403482 -24.596518
74.163774 -15.836226
81.628485 -8.371515
90.402363 0.402363
90.317813 0.317813
89.351667 -0.648333
89.356148 -0.643852
89.220132 0.779868
89.221848 0.778152
90.295365 -0.295365
91.402224 -1.402224
92.508257 -2.508257
93.603734 -3.603734
93.653223 -3.653223
94.751405 -4.751405
95.820451 -5.820451
95.945744 -5.945744
96.540419 -6.540419
96.640031 -6.640031
96.670822 -6.670822
97.735549 -7.735549
97.830219 -7.830219
97.931469 -7.931469
98.967830 -8.967830
98.982208 -8.982208
99.055155 -9.055155
97.723545 -7.723545
97.801082 -7.801082
93.251297 3.251297
95.190753 5.190753
96.132726 6.132726
94.120381 4.120381
89.297482 -0.702518
88.365635 -1.634365
90.294537 0.294537
91.228090 1.228090
89.329091 -0.670909
90.294903 0.294903
91.239348 1.239348
92.205001 2.205001
89.307225 -0.692775
90.263554 0.263554
91.230636 1.230636
92.175646 2.175646
93.141514 3.141514
89.330493 -0.669507
90.264819 0.264819
91.230441 1.230441
92.186263 2.186263
93.128041 3.128041
94.081627 4.081627
95.041436 5.041436
94.938873 4.938873
94.917128 4.917128
94.898020 4.898020
95.440842 5.440842
96.392450 6.392450
96.266580 6.266580
97.211606 7.211606
97.160407 7.160407
98.092359 8.092359
98.051268 8.051268
97.918642 7.918642
97.892066 7.892066
98.798854 8.798854
98.759613 8.759613
97.592281 7.592281
98.499028 8.499028
98.434692 8.434692
98.278576 8.278576
98.954325 8.954325
98.863556 8.863556
96.865481 6.865481
96.702766 6.702766
97.565380 7.565380
97.482250 7.482250
98.359225 8.359225
98.268442 8.268442
98.086144 8.086144
98.952128 8.952128
98.850766 8.850766
98.658083 8.658083
98.549044 8.549044
99.401759 9.401759
99.286099 9.286099
99.102043 9.102043
98.982940 8.982940
98.859952 8.859952
98.611820 8.611820
98.483934 8.483934
98.355736 8.355736
98.135853 8.135853
98.988656 8.988656
98.852437 8.852437
98.716933 8.716933
96.208222 6.208222
93.632009 3.632009
94.390656 4.390656
94.095687 4.095687
94.855104 4.855104
94.643934 4.643934
95.399447 5.399447
95.193511 5.193511
95.931899 5.931899
95.634130 5.634130
96.385804 6.385804
96.158744 6.158744
96.911179 6.911179
96.685491 6.685491
95.101562 5.101562
94.980035 4.980035
94.722905 4.722905
95.428294 5.428294
95.086230 5.086230
95.794320 5.794320
95.536118 5.536118
96.231001 6.231001
95.975705 5.975705
95.614691 5.614691
96.311005 6.311005
96.040985 6.040985
96.740957 6.740957
96.474556 6.474556
97.170162 7.170162
96.804713 6.804713
96.539820 6.539820
97.230656 7.230656
96.867419 6.867419
96.589534 6.589534
97.268282 7.268282
96.994955 6.994955
96.626839 6.626839
97.308522 7.308522
97.019585 7.019585
96.742468 6.742468
97.413627 7.413627
97.040877 7.040877
96.753606 6.753606
97.428263 7.428263
97.046151 7.046151
96.773327 6.773327
97.449709 7.449709
97.146993 7.146993
96.754515 6.754515
96.682894 6.682894
97.620942 7.620942
97.492091 7.492091
0.000000 -90.000000
0.000000 -90.000000
Aria: Received signal 'SIGINT'. Exiting.
Disconnecting from robot.
ArTcpConnection::read: Attempt to read port that already closed. (997)
